0.22666230820119382
0.13149819038808347
0.08459128128364682
0.053429943043738604
0.03302488146349788
0.22708795264363288
0.1197548009455204
0.07491990949958563
0.04772125673480332
0.026609898465685546
0.2381371273100376
0.13148720523342491
0.08185088224709033
0.05161800794303417
0.03250327313318849
0.23866955131292344
0.14194934090599418
0.08562984062358737
0.05272215790115297
0.0360019931383431
0.23196365408599376
0.1393350513651967
0.09136751141399145
0.05668775186873973
0.039442461086437106
0.22690297424793243
0.1329586173221469
0.08503115219995379
0.05357004486955702
0.03542654829099774
0.2331271740794182
0.13511268243193628
0.08671153308823705
0.05607032748870552
0.035253810063004494
0.24938423439860344
0.15426283173263072
0.10165104871615767
0.06494800029322505
0.04169719785451889
